4.558453000000000000e+06
4.618009000000000000e+06
3.050717000000000000e+06
2.826290000000000000e+06
4.704894000000000000e+06
4.823408000000000000e+06
1.654180000000000000e+05
3.599819000000000000e+06
3.937058000000000000e+06
4.902978000000000000e+06
5.584514000000000000e+06
4.877983000000000000e+06
3.262135000000000000e+06
4.907437000000000000e+06
4.120407000000000000e+06
4.616122000000000000e+06
4.704955000000000000e+06
4.269914000000000000e+06
4.000225000000000000e+06
5.555437000000000000e+06
4.221863000000000000e+06
5.462678000000000000e+06
3.608893000000000000e+06
3.337818000000000000e+06
5.958473000000000000e+06
5.694844000000000000e+06
4.759860000000000000e+06
4.012183000000000000e+06
2.885597000000000000e+06
2.360567000000000000e+06
3.407981000000000000e+06
4.227298000000000000e+06
5.824100000000000000e+06
2.702379000000000000e+06
3.682293000000000000e+06
4.764962000000000000e+06
5.009836000000000000e+06
3.925077000000000000e+06
4.129110000000000000e+06
4.215680000000000000e+06
5.106769000000000000e+06
2.855561000000000000e+06
5.741844000000000000e+06
5.309308000000000000e+06
4.658730000000000000e+06
2.363617000000000000e+06
4.461930000000000000e+06
4.080584000000000000e+06
4.476212000000000000e+06
5.622521000000000000e+06
2.147023000000000000e+06
2.841147000000000000e+06
5.712123000000000000e+06
4.307639000000000000e+06
4.470091000000000000e+06
3.903148000000000000e+06
4.457092000000000000e+06
5.541522000000000000e+06
5.888534000000000000e+06
3.176493000000000000e+06
2.759629000000000000e+06
3.200258000000000000e+06
3.585302000000000000e+06
4.392433000000000000e+06
5.466245000000000000e+06
3.721088000000000000e+06
3.170259000000000000e+06
4.883261000000000000e+06
4.329409000000000000e+06
5.019971000000000000e+06
3.892103000000000000e+06
5.887937000000000000e+06
3.343759000000000000e+06
5.331699000000000000e+06
4.234384000000000000e+06
3.490923000000000000e+06
3.750766000000000000e+06
5.858425000000000000e+06
3.956097000000000000e+06
4.319300000000000000e+06
4.119719000000000000e+06
4.060171000000000000e+06
2.364538000000000000e+06
4.488565000000000000e+06
5.819183000000000000e+06
5.524701000000000000e+06
5.451637000000000000e+06
5.548257000000000000e+06
3.281341000000000000e+06
5.415292000000000000e+06
