5.340940000000000000e+05
5.833077000000000000e+06
1.084350000000000000e+06
5.801374000000000000e+06
5.976628000000000000e+06
5.819660000000000000e+06
5.829919000000000000e+06
3.878220000000000000e+06
5.721511000000000000e+06
3.539952000000000000e+06
4.602380000000000000e+06
4.705764000000000000e+06
5.372877000000000000e+06
5.987092000000000000e+06
5.096775000000000000e+06
1.087479000000000000e+06
3.438418000000000000e+06
4.769012000000000000e+06
3.769980000000000000e+06
4.200543000000000000e+06
5.805411000000000000e+06
5.045692000000000000e+06
5.846025000000000000e+06
4.723016000000000000e+06
4.331974000000000000e+06
4.707227000000000000e+06
2.754982000000000000e+06
3.583738000000000000e+06
3.477899000000000000e+06
5.801511000000000000e+06
5.873455000000000000e+06
5.975696000000000000e+06
5.774054000000000000e+06
3.666941000000000000e+06
3.558651000000000000e+06
5.842580000000000000e+06
5.850150000000000000e+06
5.769180000000000000e+06
3.698185000000000000e+06
4.716197000000000000e+06
3.635211000000000000e+06
4.736167000000000000e+06
5.075632000000000000e+06
5.223700000000000000e+06
3.246144000000000000e+06
3.672722000000000000e+06
3.813318000000000000e+06
4.644602000000000000e+06
5.978994000000000000e+06
5.981890000000000000e+06
5.866478000000000000e+06
3.640896000000000000e+06
4.609098000000000000e+06
5.845966000000000000e+06
4.237547000000000000e+06
4.289382000000000000e+06
3.065810000000000000e+06
4.383102000000000000e+06
3.505746000000000000e+06
5.815425000000000000e+06
2.864422000000000000e+06
4.743276000000000000e+06
5.613804000000000000e+06
3.688296000000000000e+06
3.373419000000000000e+06
3.139316000000000000e+06
4.940199000000000000e+06
4.645293000000000000e+06
4.444978000000000000e+06
2.723100000000000000e+06
5.748755000000000000e+06
4.743084000000000000e+06
4.901962000000000000e+06
3.182000000000000000e+06
3.214349000000000000e+06
2.033859000000000000e+06
4.483342000000000000e+06
4.523966000000000000e+06
5.108380000000000000e+06
5.506236000000000000e+06
3.689045000000000000e+06
3.663316000000000000e+06
5.221548000000000000e+06
5.778181000000000000e+06
5.215575000000000000e+06
4.593922000000000000e+06
4.163977000000000000e+06
2.823737000000000000e+06
4.795891000000000000e+06
4.132596000000000000e+06
4.354399000000000000e+06
3.593174000000000000e+06
4.727351000000000000e+06
2.712451000000000000e+06
3.048018000000000000e+06
2.662858000000000000e+06
5.057342000000000000e+06
4.928599000000000000e+06
5.701990000000000000e+06
3.937431000000000000e+06
4.407555000000000000e+06
2.668626000000000000e+06
5.725481000000000000e+06
5.408526000000000000e+06
4.045264000000000000e+06
5.887485000000000000e+06
1.915605000000000000e+06
4.976094000000000000e+06
5.631956000000000000e+06
5.800095000000000000e+06
