5.623327000000000000e+06
2.602945000000000000e+06
3.942596000000000000e+06
5.636407000000000000e+06
4.499971000000000000e+06
5.888649000000000000e+06
5.427583000000000000e+06
4.324646000000000000e+06
5.341634000000000000e+06
4.314848000000000000e+06
5.754508000000000000e+06
4.230312000000000000e+06
3.655825000000000000e+06
4.541185000000000000e+06
4.738984000000000000e+06
4.233087000000000000e+06
4.546316000000000000e+06
4.207773000000000000e+06
1.896161000000000000e+06
4.483323000000000000e+06
3.224655000000000000e+06
5.597285000000000000e+06
5.379244000000000000e+06
4.517417000000000000e+06
4.039804000000000000e+06
5.793008000000000000e+06
5.125190000000000000e+06
3.176474000000000000e+06
5.746709000000000000e+06
4.869417000000000000e+06
4.058264000000000000e+06
5.721363000000000000e+06
2.778406000000000000e+06
5.446739000000000000e+06
5.156604000000000000e+06
4.344586000000000000e+06
3.414768000000000000e+06
3.386590000000000000e+06
4.397942000000000000e+06
3.542441000000000000e+06
