3298351
2366143
3233526
2674549
524504
1764008
3281242
2875419
2944158
2858204
1852268
3187863
2688140
4106715
2206488
1977824
1201146
2600646
1468428
2607225
2720945
3446002
1913177
1876597
3387601
2430614
2847809
2447617
2899760
3108665
2361948
2364680
3221331
3198285
2722000
2449154
2650992
2666722
125315
2830179
4785315
3169462
4194801
3937118
1550238
3503684
2888205
3490871
3718450
4025413
4659205
4866031
5256321
3522547
3141369
3041931
2074731
5602855
4419460
4577567
5294349
3329632
3800940
4819709
2891743
4594902
3931996
3418149
4611208
3146835
5062194
5577662
4794897
4583759
5062234
5695479
4139977
5030542
4506636
2889850