3.872581000000000000e+06
4.216378000000000000e+06
1.087849000000000000e+06
3.618180000000000000e+06
3.701980000000000000e+06
5.726137000000000000e+06
3.648371000000000000e+06
1.090598000000000000e+06
5.845911000000000000e+06
4.315809000000000000e+06
4.412208000000000000e+06
4.689720000000000000e+06
5.762793000000000000e+06
3.658376000000000000e+06
1.325207000000000000e+06
1.090576000000000000e+06
4.644603000000000000e+06
3.560753000000000000e+06
3.691879000000000000e+06
5.557819000000000000e+06
3.823945000000000000e+06
5.631442000000000000e+06
3.664377000000000000e+06
5.736091000000000000e+06
3.881784000000000000e+06
4.743419000000000000e+06
5.741874000000000000e+06
4.645462000000000000e+06
4.169088000000000000e+06
5.799929000000000000e+06
5.985768000000000000e+06
5.846183000000000000e+06
5.388713000000000000e+06
3.872566000000000000e+06
3.024282000000000000e+06
4.823397000000000000e+06
3.669240000000000000e+06
5.340960000000000000e+05
4.649573000000000000e+06
2.797955000000000000e+06
5.801250000000000000e+06
4.919379000000000000e+06
5.835764000000000000e+06
3.476981000000000000e+06
5.569265000000000000e+06
5.980167000000000000e+06
3.694372000000000000e+06
5.859899000000000000e+06
3.639183000000000000e+06
5.986549000000000000e+06
5.819802000000000000e+06
3.708101000000000000e+06
3.626366000000000000e+06
5.984243000000000000e+06
5.807627000000000000e+06
5.755182000000000000e+06
3.634176000000000000e+06
3.744257000000000000e+06
4.602266000000000000e+06
1.562441000000000000e+06
5.605596000000000000e+06
5.812842000000000000e+06
3.142054000000000000e+06
4.992880000000000000e+06
5.834490000000000000e+06
