3298351
2366143
3233526
2674549
524504
1764008
3281242
2875419
2944158
2858204
2871176
2708184
3001156
2864284
2517154
1475568
3090298
2922723
1831737
2691927
2375236
2361806
1871574
2817867
3580134
2721929
2690844
2575601
1784771
1187893
2806484
2363351
2253708
3322931
2364533
2956883
2376383
1964758
2829413
1261533
3349250
4784272
3491047
3798949
5619630
5490116
4680007
5062220
2920262
4838718
3074545
5490108
2777874
3878029
3482553
4314754
3442969
5003313
5018157
5101425
3159986
4895766
1971512
4486943
4221638
1796862
4138383
4588874
5353287
5746685
5498982
4509693
4748685
5089605
4075638
2223531
3787573
3637581
5100099
3973973
