3432828
5550381
4554233
3890270
3888904
3734718
3864139
5153686
3952602
5634898
5461594
4573756
3144183
5832511
3598370
3160381
4402460
4141382
4028010
3059277
3383212
5704449
3713866
4636858
4164149
3984795
5869768
4758401
4632405
3314673
4074832
4292865
3926947
5623476
4806513
2723123
5022334
5728078
5124283
4253794
4610679
4950066
3633335
5142154
2361515
5846971
5947263
5350209
5015408
3897026
4648234
5471755
2360030
4984795
3263891
1913602
3629570
5640820
3678237
3557008
3961596
5697645
5705350
5360998
4411465
3612585
3953472
3289190
5448649
5880177
5874317
4701182
4786378
4450858
4030092
2689169
5770577
5010179
3990364
1831486
5107204
3459547
2892494
3123563
4855961
4359119
4639584
4173342
4327560
4973627
5098767
4941128
4149239
1839864
4232010
3724560
1468427
5870936
2630316
2427034
3576519
5866927
4823346
5656562
4273016
3095445
5457252
4960711
4226213
3056480
